103 134 190 555 108 104 184 56 97 111
183 88 39 92 109 111 86 137 74 133
117 78 87 159 102 63 57 99 95 219
80 66 55 52 77 150 121 158 69 67
120 85 77 59 188 83 64 143 52 77
39 75 149 79 101 63 112 59 49 65
86 70 118 50 127 94 111 97 108 144
92 70 72 67 106 135 61 118 170 119
58 106 66 103 106 297 91 113 40 114
221 105 69 85 76 147 110 130 123 136
98 135 111 107 84 108 182 54 75 68
66 99 117 63 106 99 560 99 65 93
44 94 146 50 191 73 85 63 82 110
174 117 85 189 222 108 254 102 56 29
135 77 93 106 55 89 90 178 359 139
125 98 137 132 71 322 75 127 114 64
77 46 83 125 61 87 82 85 50 146
95 73 76 92 82 218 60 49 54 48
137 72 110 55 83 58 43 193 81 137
54 104 102 40 98 50 65 136 152 287



